0000000000000000000000111000000000011110110000000000000001000000000000000100000000000000010000000000000001000000000000000100000000000000100000000000000100000000000001100000000000001111111111000000000000000000000000000000000000000000000000000000000000000000
0000000000000000000000000000000000000111100000000000110011000000000100000100000000000000010000000000000001000000000000001100000000000000100000000000000010000000000000010000000000000110000000000000111111100000000000000000000000000000000000000000000000000000
0000000000000000000000000000000000000111100000000000100010000000001100001000000000000000100000000000000010000000000000001000000000000001000000000000000100000000000000100000000000000100000000000000111111100000000010000000000000000000000000000000000000000000
0000000000000000000000000000000000000111100000000001100010000000001100001000000000000000100000000000000010000000000000001000000000000001000000000000000100000000000000100000000000000110000000000000011111100000000000000000000000000000000000000000000000000000
0000000000000000000000000000000000000000000000000000111111000000000110000100000000000000100000000000000010000000000000001000000000000001000000000000000100000000000000100000000000000010000000000000111111100000000000000000000000000000000000000000000000000000
0000000000000000000000000000000000000000000000000000111111000000000110000100000000000000010000000000000001000000000000000100000000000000100000000000000100000000000000010000000000000010000000000000011111100000000000000000000000000000000000000000000000000000
0000000000000000000000000000000000000011110000000000110001000000000110000100000000110000010000000000000001000000000000001000000000000000100000000000000100000000000000110000000000000110000000000000011111110000000000000000000000000000000000000000000000000000
0000000000000000000000000000000000000011110000000000110001000000000100000100000000100000010000000000000001000000000000001000000000000001000000000000001100000000000001100000000000001100000000000000111111100000000000000000000000000000000000000000000000000000
0000000000000000000000000000000000000000100000000000111110000000000110001000000000110000100000000000000010000000000000011000000000000001000000000000001100000000000000100000000000001111111000000000000000000000000000000000000000000000000000000000000000000000
0000000000000000000000000000000000000011000000000000110110000000000110001000000000100000100000000000000010000000000000010000000000000001000000000000011000000000000001111111100000000000000000000000000000000000000000000000000000000000000000000000000000000000
0000000000000000000000000000000000001111110000000001100001000000001100000100000000000000010000000000000010000000000000011000000000000001000000000000001000000000000001000000000000001000000000000000111111111000000000000000000000000000000000000000000000000000
0000000000000000000000111110000000001100001000000001000000100000001000000110000001000000010000000000000011000000000000001000000000000001000000000000001100000000000000100000000000000100000000000000111111110000000011000000000000000000000000000000000000000000
0000000000000000000000110000000000011101000000000011000110000000001000001000000000100000100000000000000010000000000000011000000000000001000000000000001000000000000001100000000000001100000000000000011111110000000000000000000000000000000000000000000000000000
0000000000000000000000111100000000001110001000000001100001000000000100000100000000110000010000000000000010000000000000001000000000000001000000000000000100000000000000100000000000000110000000000000110000000000000011111111100000000000000000000000000000000000
0000000000000000000000001110000000000111000100000000110000010000000110000011000000100000001000000110000001000000000000000100000000000000110000000000000010000000000000010000000000000010000000000000011000000000000011000000000000001111111100000000000000000000
0000000000000000000000000000000000001111111000000001100000100000001100000010000001100000011000000100000001000000000000000100000000000000100000000000000010000000000000010000000000000011000000000000011000000000000011111111110000001000000000000000000000000000
0000001111000000000001100110000000001000001000000011000000100000001000000110000001100000010000000000000001000000000000000100000000000000100000000000000010000000000000010000000000000011000000000000011000000000000001111011110000000000010000000000000000000000
0000000111000000000001100110000000001100001000000001100000100000001100000010000000000000001000000000000000100000000000000100000000000000010000000000000011000000000000001000000000000001000000000000001100000000000001100000100000000111111110000000000000000000
0000000111000000000001100110000000011000001000000011000000100000001000000010000000100000001000000000000001000000000000000100000000000000100000000000000010000000000000010000000000000011000000000000010000000000000010000000000000011111111100000000000000000000
0000001110000000000001101100000000001100010000000001000001000000001000000100000000100000010000000000000001000000000000001000000000000001100000000000000100000000000000100000000000000110000000000000110000000000000110000000100000011111111100000000000000000000
0000000000000000000001111000000000001100110000000001000001100000001100000010000001100000010000000000000001000000000000000100000000000000110000000000000010000000000000010000000000000010000000000000011000000000000011000000000000001111111100000000000000000000
0011111110000000011000001000000000000000100000000000000010000000000000001000000000000000100000000000000100000000000000110000000000000110000000000000110000000000000110000000000000110000000000000111111111000000000000000000000000000000000000000000000000000000
0000011111100000001110000110000000100000010000000000000001000000000000001000000000000001100000000000000100000000000001100000000000000100000000000000100000000000000100000000000000111111111000000000000000000000000000000000000000000000000000000000000000000000
0000000000000000000011111111000000011000000100000110000000010000000000000011000000000000001000000000000001100000000000000100000000000000100000000000000100000000000000110000000000000110000000000000110000000000000111111111100000000000000000000000000000000000
0000000111110000000001100001000000011000000110000001000000001000000000000000100000000000000100000000000000010000000000000010000000000000001000000000000001000000000000001000000000000001000000000000001100000000000001100111100000001111100000000000000000000000
0000001111000000000011100110000000011000000100000011000000010000011000000001000000000000000100000000000000100000000000000010000000000000010000000000000001000000000000001000000000000001100000000000000100000000000000111111110000000110000000000000000000000000
0000001111000000000011100100000000011000010000000001000001100000001000000110000000100000010000000000000001000000000000001100000000000000100000000000000100000000000000110000000000000110000000000000010000000000000001000000000000000011111100000000000000000000
0000000000000000000000111110000000001110001000000001100000010000001100000001000000100000001000000000000000100000000000000110000000000000010000000000000010000000000000010000000000000011000000000000011000000000000110000000000000011111111110000000000000000000
0000000000000000000001111110000000001100001100000001100000010000001100000001000001100000001100000100000000100000000000000110000000000000110000000000000010000000000000110000000000000110000000000000110000000000000011111111110000000000000000000000000000000000
0000000111100000000001100011000000011000000100000001000000010000001000000011000001100000001000000000000000100000000000000100000000000000010000000000000010000000000000011000000000000011000000000000010000000000000011000011100000001111110000000000000000000000
0000000000000000000000111110000000001110001000000001100000100000001100000010000000100000001000000010000001000000000000000100000000000000100000000000000010000000000000011000000000000001000000000000001000000000000011000000000000011111111111100000000000000000
0000000000000000000000111100000000001100010000000001100001000000000100000100000000100000010000000010000001000000001000000100000000000000110000000000000010000000000000011000000000000001000000000000001000000000000011000000000000001111111100000000000000000000
0000001111100000000011100011000000010000000100000010000000100000011000000010000001000000010000000100000001000000000000001000000000000000100000000000000100000000000000100000000000000010000000000000010000000000000011111111100000000000000010000000000000000000
0000000011000000000001110110000000001100001100000001000000010000001100000001000001100000001100000100000000100000000000000010000000000000010000000000000010000000000000010000000000000001000000000000001000000000000001100000000000000111111110000000000000000000
0000000000000000000011111100000000011000011000000011000000100000011000000010000001000000001000000100000000100000000000000100000000000000010000000000000010000000000000010000000000000010000000000000010000000000000011000000000000001111111111000000000000000000
0000000000000000000000111100000000001110001000000000100000100000000100000001000000100000000100000000000000010000000000000011000000000000001000000000000001100000000000000100000000000000100000000000001100000000000001100000000000000111111111000000000000000000
0000000000000000000011111100000000011000011000000000000000100000000000000010000000000000001000000000000001100000000000000100000000000000100000000000000100000000000000100000000000001100000000000001111111110000000000000000000000000000000000000000000000000000
0000111111100000001111000111000000110000001100000000000000110000000000000011000000000000011000000000000011100000000000001100000000000001110000000000001110000000000001110000000000000110000000000000110000000000000110000000000000111111111110000111111111111000
0001111111100000001110000110000000111000011000000000000001100000000000001110000000000000110000000000000111000000000000011000000000000011000000000000011100000000000001100000000000001110000000000001110000000000001110000000000000111111110000000011111111111000
0000000000000000000011110000000000010001100000000000000010000000000000001000000000000000100000000000000010000000000000010000000000000001000000000000001000000000000001100000000000001111110000000001100000000000000000000000000000000000000000000000000000000000
0000000000000000000001111100000000111000010000000000000001000000000000000100000000000000010000000000000010000000000000001000000000000001100000000000000100000000000000010000000000000010000000000000011111110000000000000000000000000000000000000000000000000000
0000000000000000000011111100000000110000011000000000000000100000000000000010000000000000001000000000000001000000000000001000000000000000100000000000001100000000000000100000000000000100000000000000100000000000000111111111100000000000000000000000000000000000
0000001111100000000111100010000001100000001000000100000000100000000000000110000000000000010000000000000011000000000000001000000000000001100000000000000100000000000000010000000000000010000000000000010000000000000110000000000000111111111110000000000000000000
0000000000000000000011111111100000011000000010000011000000011000001000000001000000000000000100000000000000010000000000000010000000000000001000000000000001100000000000000100000000000000110000000000000010000000000000110000000000001111111111000000100000000000
0000000000000000000001111111000000011100000100000001000000010000001000000001000000000000000100000000000000100000000000000010000000000000011000000000000001000000000000011000000000000011000000000000110000000000001111000000000000000011111111000000000000000000
0000000000000000000000111111000000001100000100000001100000010000001000000001000000100000001000000000000000100000000000000100000000000000110000000000000110000000000000010000000000000110000000000000110000000000000110000001000000011111111100000000000000000000
0000000000000000000001111110000000001100001000000001100000010000000100000011000000000000001000000000000000100000000000000100000000000000010000000000000010000000000000010000000000000011000000000000011000000000000011000000000000011111111110000000000000000000
0000000110000000000001110100000000011000001000000001000000100000000000000010000000000000001000000000000000100000000000000110000000000000010000000000000010000000000000001000000000000001100000000000001100000000000001100000000000011111111100000000000000000000
