0000110000000000001110111000000000000000110000000000000011000000000000001000000000000001100000000000001110000000000000001100000000000000010000000000000001000000000000000100000000000000110000000000000110000000000111100000000000000000000000000000000000000000
0000000000000000000111111100000000000000011000000000000000100000000000000010000000000000010000000000001111000000000000000100000000000000010000000000000001000000000000000100000000000000010000000000000110000000001111110000000000000000000000000000000000000000
0000000000000000000111111000000000000000011000000000000000100000000000000010000000000000010000000000000111000000000000000100000000000000010000000000000001000000000000000100000000000011110000000001110000000000000000000000000000000000000000000000000000000000
0000000000000000000111111100000000000000011000000000000000100000000000000010000000000000011000000000001111000000000001011000000000000000100000000000000010000000000000001000000000000001100000000001111100000000000000000000000000000000000000000000000000000000
0000000000000000000111111000000000000000100000000000000010000000000000001000000000000011100000000000011110000000000000001000000000000000100000000000000010000000000000011000000000111111000000000000000000000000000000000000000000000000000000000000000000000000
0000000000000000000011111000000000000000111000000000000000100000000000000010000000000000111000000000001111100000000000000010000000000000001000000000000000100000000000000110000000000111100000000000000000000000000000000000000000000000000000000000000000000000
0000000000000000000111100000000000000001110000000000000001000000000000000100000000000000010000000000000110000000000000001110000000000000001000000000000000100000000000000100000000000000100000000000111100000000000000000000000000000000000000000000000000000000
0000000000000000000011100000000000010001100000000000000011000000000000000100000000000000010000000000000001000000000000011100000000000000010000000000000011000000000000011000000000001111000000000000100000000000000000000000000000000000000000000000000000000000
0000000000000000000011100000000000011011100000000000000011000000000000000100000000000000110000000000000110000000000000111100000000000000010000000000000001000000000000001100000000000000100000000000011100000000000000000000000000000000000000000000000000000000
0000000000000000000111100000000000000001100000000000000011000000000000000100000000000000100000000000000110000000000000101100000000000000011000000000000000100000000000000010000000000000011000000000111111000000000000000000000000000000000000000000000000000000
0000111000000000000000011100000000000000010000000000000001000000000000000100000000000001110000000000001111100000000000000011000000000000000100000000000000010000000000000001000000000000001100000000000001100000000000011100000000011111000000000000000000000000
0000110000000000000001110000000000000001100000000000000010000000000000011000000000000011110000000000000000100000000000000011000000000000000100000000000000010000000000000001000000000000000100000000000000100000000011111110000000000000000000000000000000000000
0000111000000000000000011000000000000000011000000000000000110000000000000011000000000000011000000000000111000000000000000111000000000000000100000000000000010000000000000001000000000000000100000000000000110000000001100110000000000001100000000000000000000000
0000111100000000000000001110000000000000001100000000000000010000000000000001000000000000000100000000000000100000000000001110000000000000001100000000000000011000000000000000100000000000000010000000000000011000000000000111000000000011100000000000110000000000
0000111100000000000000001100000000000000001000000000000000100000000000000100000000000001111000000000000000010000000000000001000000000000000100000000000000010000000000000011000000000001110000000001111000000000000000000000000000000000000000000000000000000000
0000111111000000000000000110000000000000001100000000000000110000000000000110000000000000111100000000000000010000000000000001100000000000000010000000000000001000000000000001000000000000000100000000000000110000000000001110000000001111000000000000000000000000
0000111110000000000000000111000000000000000100000000000000010000000000000011000000000000111000000000000000110000000000000000100000000000000001000000000000000100000000000000010000000000000010000000000000001000000000000001000000000000001100000000111111000000
0000111100000000000000011110000000000000001100000000000000010000000000000010000000000000010000000000000011110000000000000001000000000000000100000000000000011000000000000000100000000000000100000000000000110000000000001110000000000011100000000000011000000000
0000011100000000000000001110000000000000001100000000000000010000000000000011000000000000111000000000000001110000000000000001000000000000000100000000000000010000000000000001000000000000000100000000000000110000000000001110000000000111000000000000010000000000
0000011100000000000000001100000000000000011000000000000000100000000000000110000000000001111000000000000000100000000000000001000000000000000100000000000000010000000000000001000000000000001100000000000000100000000000111100000000000110000000000000000000000000
0000011110000000000000001100000000000000010000000000000001000000000000011000000000000011110000000000000001100000000000000010000000000000001000000000000000100000000000000010000000000000001000000000000001000000000001111000000000000100000000000000000000000000
0001111000000000000000011100000000000000011000000000000000100000000000000110000000000001110000000000011110000000000000000100000000000000010000000000000001000000000000001100000000000001100000000001111100000000000010000000000000000000000000000000000000000000
0000001100000000000011011100000000000000001000000000000000100000000000000110000000000000110000000000000110000000000000111100000000000000010000000000000000100000000000000010000000000000001000000000000001100000000000001100000000011111100000000000000000000000
0000000000000000000111111000000000000000011000000000000000100000000000000110000000000011100000000000000111100000000000000010000000000000001000000000000000100000000000000010000000000000001000000000000001000000000111111000000000000000000000000000000000000000
0000000000000000000111111000000000000000011000000000000000100000000000000010000000000000010000000000001110000000000000001100000000000000001000000000000001100000000000000100000000000000110000000000000110000000000011110000000000000000000000000000000000000000
0001111110000000000000111110000000000000011000000000000011100000000000011100000000000011100000000000111110000000000011111110000000000000011000000000000000100000000000000110000000000000011000000000000001000000000000001100000000111111100000000011111100000000
0001111110000000000000000110000000000000001000000000000000100000000000000100000000000001110000000000011110000000000000001100000000000000010000000000000001100000000000000010000000000000001000000000000000100000000000000110000000011000110000000000111100000000
0001111100000000000000011100000000000000010000000000000001000000000000000100000000000001110000000000011100000000000001111000000000000000100000000000000001000000000000000100000000000000010000000000000001000000000000011000000000011111000000000000000000000000
0001111100000000000000011100000000000000011000000000000000100000000000000010000000000000010000000000000010000000000000111000000000000000110000000000000001000000000000000110000000000000001000000000000001100000000000001100000000011111100000000000000000000000
0000000000000000000111110000000000000000110000000000000001000000000000000100000000000000110000000000000100000000000001111000000000000000110000000000000001000000000000000100000000000000110000000000000110000000000111110000000000000000000000000000000000000000
0011111100000000000000011110000000000000001100000000000000010000000000000001000000000000000100000000000000110000000000011100000000001111110000000000000000110000000000000001000000000000000010000000000000011000000000000011000000010000111000000001111110000000
0001111000000000001100011000000000000000010000000000000000100000000000000010000000000000001000000000000001000000000001111000000000000000110000000000000001100000000000000001000000000000000100000000000000110000000000011100000000011110000000000000000000000000
0000011100000000000111011111000000110000000110000000000000001000000000000001000000000000001100000000000111100000000000011110000000000000001100000000000000010000000000000001000000000000000100000000000000100000000000001100000000011111100000000000000000000000
