0000000000000000000001000000000000001100100000000000100010000000000100001000000000110000100000000011000010000000000011111111000000000000100000000000000010000000000000001000000000000000100000000000000010000000000000001000000000000000000000000000000000000000
0000000000000000000010000000000000011000100000000001000010000000000100001000000000100000100000000011000010000000000011111110000000000000100000000000000010000000000000001000000000000001000000000000000100000000000000000000000000000000000000000000000000000000
0000000000000000000010000000000000001000100000000001000010000000000100001000000000100000100000000010000010000000001111111100000000000000100000000000000010000000000000001000000000000000100000000000000010000000000000001000000000000000000000000000000000000000
0000000000000000000110011000000000010000100000000001000010000000000100001000000000100000100000000010000010110000001111111110000000000000100000000000000010000000000000001000000000000000100000000000000010000000000000000000000000000000000000000000000000000000
0000000000000000000010001000000000001000100000000000100010000000000110001000000000010000100000000001111111000000000000101000000000000000100000000000000010000000000000001000000000000000100000000000000010000000000000000000000000000000000000000000000000000000
0000000000000000000000000000000000001000100000000000100010000000000010001000000000011000100000000001111111000000000000001000000000000000100000000000000010000000000000001000000000000000100000000000000000000000000000000000000000000000000000000000000000000000
0000000000000000000000000000000000001000100000000000100110000000000010010000000000001001000000000000111111000000000000010000000000000001000000000000000100000000000000011000000000000000100000000000000000000000000000000000000000000000000000000000000000000000
0000000000000000000000000000000000000100100000000000110001000000000010000100000000001000010000000001100001100000000111111100000000000000010000000000000001000000000000000100000000000000010000000000000001000000000000000000000000000000000000000000000000000000
0000000000000000000000000000000000000100010000000000110001000000000010000100000000011000010000000001000001000000000111111110000000000000010000000000000001000000000000000100000000000000010000000000000001000000000000000100000000000000000000000000000000000000
0000000000000000000000000000000000000000000000000000100001000000000010000100000000001000010000000000100001000000000111111110000000000000010000000000000001000000000000000100000000000000010000000000000001000000000000000000000000000000000000000000000000000000
0000000000000000000000000000000000000011000000000000011000100000000011000010000000001000001000000001000000100000001111111111100000000000010000000000000001000000000000000100000000000000010000000000000001000000000000000100000000000000000000000000000000000000
0000000000000000000000000000000000000100001000000000010000100000000010000010000000001000001000000001000000100000000100000010000000111111111110000000000000100000000000000010000000000000001000000000000000100000000000000010000000000000001000000000000000000000
0000000000000000000001100000000000000100001000000000110000100000000010000010000000011000001000000001000000100000001100000011000000011111111000000000000000100000000000000010000000000000001000000000000000100000000000000010000000000000001000000000000000000000
0000000000000000000001000000000000000100001000000000100000100000000010000001000000010000000100000001000000010000000100000001000000110000001110000001111111000000000000000001000000000000000100000000000000010000000000000001000000000000000000000000000000000000
0000000000000000000011000001000000001000000100000001000000010000000100000001000000100000000010000010000000001000001000000000100000111000011111000000011111001000000000000001000000000000000100000000000000010000000000000001000000000000000100000000000000000000
0000100001000000000010000100000000011000010000000001000000100000000100000010000000100000001000000010000000100000001000001111000000111111001000000000000000100000000000000010000000000000001000000000000000100000000000000010000000000000000000000000000000000000
0000000000000000000000000000000000001000000100000000100000010000000010000001000000001000000100000000100000010000000010000001000000001000000110000000111111111000000000000001000000000000000100000000000000010000000000000001000000000000000100000000000000000000
0000000000000000000000100000000000000100001000000000010000100000000011000010000000001000001000000001000000100000000100000010000000100000001000000011111111100000000000000010000000000000001000000000000000100000000000000010000000000000000000000000000000000000
0000000000000000000001100000000000000100000000000000010000100000000001000010000000001000001000000000100000100000000110000010000000010000001010000001111111111000000000000010000000000000001000000000000000100000000000000010000000000000001000000000000000000000
0000000000000000000000000000000000000010000000000000010000100000000001000010000000001000001000000001100000100000000100000010000000010000001011000010111111111000001100000010000000000000001000000000000000100000000000000010000000000000001000000000000000100000
0000000000000000000000100000000000000100000000000000010001000000000010000010000000001000001000000001000000100000000100000010000000110000001000000010000001111000001111111110000000000000001000000000000000100000000000000010000000000000001000000000000000100000
0000000000000000000001000010000000000100001000000000110000100000000010000010000000001000001000000001000000100000000100000010000000010000001000000010000000111000001111111110000000000000001000000000000000100000000000000100000000000000010000000000000001000000
0000001000000000000000100000000000000110000000000000010000100000000001000010000000001000001000000000100000100000000100000010000000010000001000000001111111111000000000000010000000000000001000000000000000100000000000000010000000000000001000000000000000000000
0000000000000000000001100000000000000100000000000000110000000000000010000010000000001000001000000001000000100000000100000010000000110000001000000011111111110000000000000010000000000000001000000000000000100000000000000010000000000000001000000000000000000000
0000000000000000000000100000000000000110000000000000010000110000000001000001000000001000000100000000100000010000000100000010000000010000001000000001111111111000000000000010000000000000001000000000000000100000000000000010000000000000000000000000000000000000
0000000000000000000011000000000000001000000000000000100001000000000100000100000000010000010000000001000001000000001111111100000000110000010000000000000001000000000000000100000000000000010000000000000001000000000000000000000000000000000000000000000000000000
0000010000000000000001000010000000001000001000000000100000100000000010000010000000001000001000000000111111110000000000000010000000000000001000000000000000100000000000000010000000000000001000000000000000100000000000000000000000000000000000000000000000000000
0000010000000000000001000100000000000100001000000000100000100000000010000010000000001000001000000000111111100000000000000010000000000000001000000000000000100000000000000010000000000000001000000000000000000000000000000000000000000000000000000000000000000000
0000010000000000000001000010000000001000001000000000100000100000000010000010000000001000001000000000111111111000000000000010000000000000001000000000000000100000000000000010000000000000001000000000000000100000000000000000000000000000000000000000000000000000
0000000000000000000001000000000000001100010000000000100001000000000010000100000000011000010000000001111111100000000110000100000000000000010000000000000001000000000000000100000000000000010000000000000001000000000000000000000000000000000000000000000000000000
0000010000000000000001000010000000000100001000000000100000100000000010000010000000001000001000000001111111110000000000000010000000000000001000000000000000100000000000000010000000000000001000000000000000100000000000000010000000000000001000000000000000000000
0001000000100000000100000010000000010000001000000001000000100000000100000010000000110000001000000011000000100000000111111111000000000000001000000000000000100000000000000010000000000000001000000000000000100000000000000010000000000000001000000000000000100000
0001000000100000000100000010000000010000001000000010000000100000001000000010000000100000001000000010000000100000001111011111000000000110001000000000000000100000000000000010000000000000001000000000000000100000000000000010000000000000001000000000000000100000
0001100000100000000100000010000000010000001000000001000000100000000100000010000000010000001000000001000000100000000111111111000000000000001000000000000000100000000000000010000000000000001000000000000000100000000000000010000000000000001000000000000000000000
0001000010000000001100001000000000100000100000000010000010000000011000001000000001000000100000000100000010000000011111111110000000000000100000000000000010000000000000001000000000000000100000000000000010000000000000001000000000000000100000000000000010000000
0000000000000000000011000100000000001000001000000000100000100000000100000010000000010000001000000001000000100000000111111111000000000000001000000000000000100000000000000010000000000000001000000000000000100000000000000010000000000000001000000000000000100000
0000000000010000000001000001000000001000000100000000100000010000000010000001000000011000000100000001000000010000000111111111100000000000000100000000000000010000000000000001000000000000000100000000000000010000000000000000000000000000000000000000000000000000
0000100000000000000010000010000000010000001000000001000000100000001000000010000000100000001000000010000000100000010000011111110001111111001000000000000000100000000000000010000000000000011000000000000001000000000000000100000000000000010000000000000001000000
0000010000100000000010000010000000001000001000000000100000100000000100000010000000010000001000000010000000100000001000000010000000111111111110000000000000100000000000000010000000000000001000000000000000100000000000000010000000000000001000000000000000100000
0000000000000000000010000000000000001000001000000000100000100000000110000010000000010000001000000001000000100000001100000100010000100011111110000011111001000000000000000100000000000000010000000000000001000000000000000100000000000000010000000000000001000000
0000000000000000000110000000000000010000010000000001000001000000000100000100000000100000010000000010000001000000001000000100000000100000111000000111111101000000011000000100000000000000010000000000000001000000000000000100000000000000010000000000000000000000
0000000000000000000001000000000000000100001000000000100000100000000010000010000000001000001000000001100000100000000100000010000000011111111100000000000000100000000000000010000000000000001000000000000000100000000000000010000000000000001000000000000000100000
0000000000000000000010000000000000001000010000000000100001000000000010000100000000010000010000000001000001000000000111111111000000010000010000000000000001000000000000000100000000000000010000000000000000000000000000000000000000000000000000000000000000000000
0000010000000000000001000010000000001100001000000000100000100000000010000010000000010000001000000001000000100000000100000010000000111111111100000000000000100000000000000010000000000000001000000000000000100000000000000010000000000000001000000000000000000000
0001100001100000000110000110000000111000011000000011000001100000001100000110000001100000011000000110000001100000011000000110000001111111111000000111111111100000000000000110000000000000011000000000000001100000000000000110000000000000011000000000000001100000
0000100001100000000110000110000000011000011000000001000001100000001100000110000000100000011000000010000001100000011000000110000001111111111110000111111111111000000000000110000000000000011000000000000001100000000000000110000000000000011000000000000001100000
0000100001000000000100000100000000010000010000000011000001000000001000000100000000100000010000000010000001000000011000000100000001111111111100000000000001000000000000000100000000000000010000000000000001000000000000000100000000000000010000000000000001000000
0000000000000000000010000100000000011000010000000001000001000000001000000100000000100000010000000100000001000000010000000100000001111111111100000000000001000000000000000100000000000000010000000000000001000000000000000100000000000000010000000000000001000000
0000000000000000000010000100000000001000010000000000100001000000000100000100000000010000010000000001000001000000001000000100000000111111111100000000000001000000000000000100000000000000010000000000000001000000000000000100000000000000010000000000000001000000
0000000000000000000010000100000000011000010000000001000001000000001100000100000000100000010000000010000001000000011000000100000001011111111000000011000001000000000000000100000000000000010000000000000001000000000000000100000000000000000000000000000000000000
