0000000000000000000111111110000000010000000000000001000000000000000100000000000000010000000000000001000000000000000111111100000000010000011000000000000000100000000000000010000000000000001000000000000001000000000000011000000000111111000000000000100000000000
0000000000000000000000000010000000011111111000000001000000000000000100000000000000010000000000000001011110000000000110000110000000000000001100000000000000010000000000000001100000000000000100000000000000110000000110111110000000000110000000000000000000000000
0000000000000000000111111110000000010000000000000001000000000000000100000000000000010011110000000001110001100000000100000010000000000000001100000000000000010000000000000001000000000000001000000000000001100000001111111100000000000000000000000000000000000000
0000000000000000000011111110000000011000000000000000100000000000000100011100000000010110011000000001100000010000000000000001000000000000000100000000000000011000000000000001000000000000000100000000000001110000000111111000000000000000000000000000000000000000
0000000001100000000111111100000000010000000000000011000000000000001000000000000000100111110000000011100001100000000000000011000000000000000100000000000000010000000000000001000000000000001000000000000001100000000000011000000000111111000000000000000000000000
0000000000000000000111111100000000010000000000000011000000000000001000000000000000100011100000000011110011000000000000000110000000000000001000000000000000100000000000000010000000000000011000000000000001000000000000011000000000011110000000000000000000000000
0000000000000000000011111110000000001000000000000000100000000000000010000000000000010111111000000001100000010000000000000001000000000000000110000000000000001000000000000000100000000000000100000000000001110000000000011100000000000111000000000000000000000000
0000000000000000000000000000000000001111111000000000100000000000000010000000000000011000000000000001011111100000000110000001000000000000000100000000000000011000000000000000100000000000000100000000000000110000000000000110000000000011100000000000111000000000
0000000000000000000000000000000000000111111110000000010000000000000001000000000000001100000000000000100011000000000011111010000000000000000100000000000000010000000000000001000000000000000100000000000000010000000000000011000000000001110000000000111000000000
0000000000000000000000000000000000001111111100000000100000000000000010000000000000001000000000000000101100000000000011001100000000000000001000000000000000100000000000000010000000000000011000000000000001000000000000011000000000000011000000000000110000000000
0000000000000000000001111110000000011000000000000001000000000000000100000000000000010000000000000001111110000000000000000100000000000000001000000000000000100000000000000010000000000000011000000000000001000000000000011000000000011110000000000000000000000000
0000000000000000001111111100000000010000000000000001000000000000000100000000000000010111100000000011100011100000000000000011000000000000000100000000000000010000000000000011000000000000011000000000000001000000000000001000000000000011000000000000011000000000
0000000000000000000111111110000000010000000000000010000000000000001000000000000000111111110000000000000000100000000000000001000000000000000100000000000000100000000000000010000000000000011000000000000011000000000001111000000000011000000000000000000000000000
0000000000000000000111111100000000010000000000000001000000000000000100000000000000010001100000000001111011000000000000000010000000000000001000000000000000010000000000000001000000000000000100000000000000010000000000000110000001111111110000000000000000000000
0000000000000000000011111110000000001000000000000000100000000000000011111100000000011100011100000000000000010000000000000000100000000000000010000000000000001000000000000000100000000000000100000000000000110000000000001110000000000111000000000000000000000000
0000000000000000000011111110000000001100000000000000100000000000000010000000000000001001110000000000111001100000000000000010000000000000000100000000000000010000000000000001000000000000000100000000000000100000000011111100000000000000000000000000000000000000
0000000000000000000000000000000000001111111000000000100000000000000010000000000000001111110000000000110001100000000000000010000000000000001000000000000000100000000000000010000000000000001000000000000001000000000001111000000000011100000000000000000000000000
0000000000000000000000000000000000000111111000000000110000000000000010000000000000001011100000000001110001100000000000000010000000000000001100000000000000010000000000000010000000000000001000000000000001000000000000011000000000011110000000000000000000000000
0000000000000000000000000000000000000111111000000000010000000000000001000000000000001000000000000000100010000000000011111110000000001000000100000000000000001000000000000000100000000000000010000000000000001000000000000001000000000001111000000000000110000000
0000000000000000000000000000000000000000000000000000111111110000000010000000000000011000000000000001000000000000000111111110000000011000001110000000000000001000000000000000100000000000000010000000000000110000000000001110000000001111100000000000000000000000
0000000000000000000000000000000000000000000000000000111111110000000010000000000000001000000000000000100000000000000010000000000000001111111000000000110000010000000000000001000000000000000100000000000000110000000000000010000000001111111000000000000000000000
0000000000000000000000000000000000000000000000000000111111100000000010000000000000001000000000000000100000000000000010000000000000001111111100000000000000010000000000000001000000000000000100000000000000010000000000000011000000000000111000000000011100000000
0000000000000000000000000000000000000000000000000000000000000000000001111111000000000100000000000000110000000000000010000000000000001111111000000000100000110000000000000001000000000000001100000000000000100000000000000100000000000111100000000000000000000000
0000000000000000000000000000000000000000000000000000000000000000000000111110000000000100000000000000010000000000000001000000000000000111110000000000111001100000000000000010000000000000001000000000000000100000000000000110000000001111100000000000000000000000
0001100000000000000111111110000000010000001000000001000000000000000100000000000000010000000000000001111111100000000100000010000000000000001000000000000000100000000000000010000000000000001000000000000011100000000111111000000000000000000000000000000000000000
0000000000000000000111111110000000010000000000000001000000000000000100000000000000010000000000000001111100000000000000011000000000000000010000000000000000100000000000000010000000000000011000000001000011000000000111111000000000000000000000000000000000000000
0000000000000000000111111100000000001000000000000000100000000000000110000000000000010000000000000001111100000000000000001000000000000000010000000000000001000000000000000100000000000000010000000000000011000000000011111000000000000000000000000000000000000000
0000000000000000000011111100000000001000000000000000100000000000000010000000000000001000000000000000101100000000000011001100000000000000010000000000000001000000000000000100000000000000010000000000000111000000000111110000000000000000000000000000000000000000
0001000000000000000111111000000000010000000000000001000000000000000100000000000000010000000000000001111110000000000000001100000000000000010000000000000000100000000000000010000000000000001000000000000001000000000111111000000000000000000000000000000000000000
0000111110000000001100000111000000000000000100000000000000100000000000000110000000000000110000000011111111111000000000011000000000000011000000000000001000000000000001000000000000001100000000000001100000000000000100000000000000000000000000000000000000000000
0000000000000000000001111111000000001100000000000000100000000000000010000000000000011000000000000001000000000000000111111110000000011000001000000000000000110000000000000001000000000000000100000000000000110000001000000010000000110000110000000000111100000000
0000000000000000000011111111000000001000000000000001000000000000001100000000000000100000000000000010110000000000011111111100000000000000011000000000000000110000000000000001000000000000000100000000000000110000001000001110000000111111100000000000000000000000
0000000000000000000011111111000000001000000000000001100000000000000100000000000000010000000000000011000000000000001111111100000000000000010000000000000001100000000000000010000000000000001000000011000001100000000111001100000000000111100000000000000000000000
0000000000000000000011111110000000011000001000000001000000000000000100000000000000010000000000000011111100000000001110011000000000000000110000000000000001000000000000000100000000100000010000000010000011000000000110111000000000001110000000000000000000000000
0000000000000000000001111111100000000100000000000000110000000000000010000000000000001000000000000000111111000000000000000110000000000000001000000000000000100000000000000010000000000000001000000001000000100000000111000110000000000111110000000000000000000000
0000000000000000000111111110000000011000110000000001100000000000000110000000000000110000000000000011000111000000001111110110000000111000001100000000000000110000000000000001000000000000001100000000000000100000011110001110000000001111100000000000000000000000
0000000000000000000011111110000000011111111000000001100000000000000110000000000000011111110000000001111111000000000000001110000000000000011000000000000001110000000000000111000000100000011100000011000001100000001111111110000000011111111000000000000000000000
0000000000000000000011111110000000000100000000000000010000000000000001000000000000000100000000000000011111000000000000000010000000000000001100000000000000010000000000000001000000000000011000000000011111000000000000000000000000000000000000000000000000000000
0000000000000000000111111111000000010000000000000001000000000000000100000000000000010111110000000001100001100000000000000010000000000000000100000000000000010000000000000010000000000000001000000001100111000000000011110000000000000000000000000000000000000000
0000000000000000000011111100000000001000000000000000100000000000000010000000000000001000000000000000111110000000000010001100000000000000001100000000000000010000000000000011000000000000011000000000000011000000000001111000000000000000000000000000000000000000
0000000000000000000000000000000000111111100000000001000011000000000100000000000000010000000000000001000000000000000111110000000000000000100000000000000001100000000000000010000000000000001000000000000000100000000010000110000000001111110000000000000000000000
0000111110000000000010001111000000001000000000000000100000000000000010000000000000001001110000000000111000110000000000000001100000000000000010000000000000001000000000000000100000000000000110000000000000010000000000000010000000001111111000000000000000000000
0000111111110000000010000000000000001000000000000000100000000000000011111100000000001100011000000000000000110000000000000001000000000000000100000000000000010000000000000001000000000000000100000000000001100000000001111100000000000011000000000000000000000000
0000000000000000000001111111000000000100000000000000010000000000000001000000000000000111111000000000000000100000000000000001000000000000000100000000000000010000000000000001000000000000000100000000000000110000000110000110000000001111110000000000000000000000
0000000000000000000001111111000000000100000000000000010000000000000001000000000000000111100000000000010011000000000000000010000000000000001000000000000000100000000000000010000000000000011000000000000111000000000001110000000000000000000000000000000000000000
0000001110000000000000101111000000000010000000000000010000000000000001111000000000000110010000000000000000100000000000000010000000000000000100000000000000110000000000000010000000000000011000000000111111000000000000000000000000000000000000000000000000000000
0000000000000000000011111111000000001000000000000000100000000000000010000000000000001000000000000000111110000000000000001100000000000000001000000000000000100000000000000010000000000000011000000001000011000000000111110000000000000000000000000000000000000000
