0000000010000000000000110000000000000110000000000000110000000000000010000000000000010000000000000011111111000000001000000010000000100000000100000100000000010000010000000001000001000000001100000110000001100000001100001100000000011111000000000000000000000000
0000000011000000000000111000000000000110000000000000110000000000000110000000000000011111000000000010000110000000010000001100000001000000010000001000000001000000100000000100000010000000110000001100001110000000011111100000000000000000000000000000000000000000
0000000001100000000000011100000000000010000000000000010000000000000010000000000000010000000000000011111100000000010000001000000001000000110000001000000001000000100000000100000010000000010000001100000011000000010000011000000000111110000000000000000000000000
0000000000000000000000001100000000000001000000000000001000000000000001000000000000001000000000000001000000000000000111111000000000100000010000000010000001100000001000000010000000100000001000000010000001000000001111111100000000001000000000000000000000000000
0000000001100000000000001100000000000001000000000000001000000000000001000000000000001000000000000000111100000000000100011000000000010000110000000010000001000000001000000100000000100000010000000010000001000000001100111100000000011110000000000000000000000000
0000000001100000000000001100000000000011000000000000011000000000000010000000000000001000000000000001111000000000001000010000000000100000100000000100000010000000010000001000000001000000100000000100000110000000011111110000000000000000000000000000000000000000
0000000001000000000000001100000000000001000000000000001000000000000001000000000000001000000000000001111100000000000100001100000000100000011000000010000000100000010000000010000001000000011000000110000110000000001111100000000000000000000000000000000000000000
0000000001000000000000001100000000000001000000000000001000000000000001000000000000001000000000000000111111000000000100000010000000010000000100000001000000011000000100000001100000010000001100000001110001100000000001111000000000000000000000000000000000000000
0000000001100000000000001100000000000011100000000000011000000000000001000000000000001100000000000000111000000000000010011100000000011000011000000001000000100000000100000010000000010000011000000001000011000000000111111000000000000000000000000000000000000000
0000000001000000000000001000000000000001000000000000001000000000000001100000000000000100000000000000111100000000000010011100000000011000011000000001000000100000000100000011000000011000001000000000111111100000000000000000000000000000000000000000000000000000
0000000011000000000000011000000000000010000000000000010000000000000001000000000000001000000000000001111100000000000100011000000000010000010000000010000001000000001000000100000000100000010000000011000001000000000100001100000000001101100000000000011000000000
0000000001000000000000011000000000000011000000000000011000000000000001000000000000001000000000000000100000000000000111111000000000010000010000000010000000100000001000000001000000100000001100000010000111000000001111110000000000000000000000000000000000000000
0000000011000000000000001000000000000001000000000000001000000000000001000000000000000100000000000000100000000000000111111000000000010000110000000011000000100000001000000010000000110000001000000001100001100000000011111100000000000000000000000000000000000000
0000000000000000000000001100000000000000100000000000000100000000000000100000000000000110000000000000010000000000000010110000000000001001100000000001000001000000000100000110000000010000001000000001000001100000000110000100000000000111100000000000000000000000
0000000000000000000000001100000000000001100000000000000100000000000000100000000000000010000000000000010000000000000011110000000000010001110000000001000001000000000100000010000000110000001000000011000001100000000110011100000000001111000000000000000000000000
0000000000000000000000000110000000000001100000000000000100000000000000100000000000000100000000000000110000000000000111110000000000010000100000000010000001100000001000000010000000100000001000000010000001100000000100001100000000001111100000000000000000000000
0000000000000000000000001000000000000001000000000000001000000000000001000000000000000100000000000000100000000000000011111000000000010000110000000001000000100000000100000010000000110000001000000011000001100000000110001100000000001111000000000000000000000000
0000000001000000000000011000000000000011000000000000001000000000000001000000000000001100000000000000101100000000000100011000000000010000010000000001000001000000000100000110000000010000010000000001100111000000000011110000000000000000000000000000000000000000
0000000001000000000000001100000000000001100000000000001100000000000000100000000000000100000000000000011110000000000010001100000000001000010000000001100000100000000100000010000000010000001000000001000000100000000110000010000000001111111000000000000000000000
0000000001000000000000011100000000000001000000000000001000000000000001100000000000000111100000000000100011000000000010000110000000001000001000000001100000010000000010000001000000001000000100000000010001110000000001111100000000000000000000000000000000000000
0000000001000000000000001000000000000001100000000000000100000000000000100000000000000010000000000000011110000000000001000110000000000100001100000000010000010000000001000001000000000100000100000000010000100000000001101110000000000011100000000000000000000000
0000000000000000000000001100000000000001000000000000001000000000000001100000000000000111000000000000100110000000000010001000000000001000110000000001000001000000000100000100000000010000010000000001000011000000000110011000000000001110000000000000000000000000
0000000000110000000000000110000000000000110000000000000110000000000000010000000000000010000000000000001111000000000001000010000000000100001100000000010000010000000001000001000000000010001100000000001111100000000000011000000000000000000000000000000000000000
0000000111000000000000111000000000000011000000000000011000000000000001100000000000001100000000000000100000000000000011111100000000011000110000000001100001100000000100000010000000011000001000000001100001100000000011001110000000001111110000000000011100000000
0000000011000000000000011000000000000001000000000000001100000000000000100000000000000110000000000000011110000000000011000110000000001000001100000000100000011000000010000000100000011000000010000001000000011000000110000011000000001110111000000000001100000000
0000000001100000000000001100000000000001100000000000000100000000000000100000000000000111100000000000010011000000000011000010000000001000001100000000100000010000000010000001000000001000000100000000110000110000000001101110000000000011100000000000000000000000
0000000010000000000000010000000000000010000000000000011000000000000011000000000000001111100000000001110001000000000100000010000000100000000100000010000000011000001000000000100000100000000010000011000000011000000100000011000000011000011000000000111111000000
0000000010000000000000110000000000000010000000000000011000000000000011000000000000001000000000000000111100000000000110001100000000010000011000000001000000100000000100000010000000010000001000000001000000100000000111100110000000000011100000000000000000000000
0000000110000000000000010000000000000010000000000000011000000000000011000000000000001000000000000000111110000000000100001100000000010000001000000001000000100000000100000010000000010000001000000001000001100000000110000100000000001111100000000000000000000000
0000000010000000000000110000000000000010000000000000010000000000000011000000000000001111000000000001100111000000000100000100000000010000001000000001000000010000001000000001000000100000000100000011000001100000000110111100000000001110000000000000000000000000
0000000001000000000000011000000000000011000000000000001000000000000001000000000000000100000000000000101111000000000010000110000000010000001100000001000000010000000100000001000000110000000100000011000000100000000100000110000000011001100000000000111000000000
0000000001000000000000011000000000000011000000000000011000000000000001000000000000001000000000000000111111000000000010000100000000010000001000000001000000100000000100000010000000011000010000000000111111000000000000000000000000000000000000000000000000000000
0000000000000000000000000110000000000000100000000000000100000000000000100000000000000111100000000000010011000000000010000010000000001000000100000000100000010000000110000001000000010000000100000001000000010000000011000111000000000011110000000000000000000000
0000000001100000000000001100000000000001100000000000001100000000000000100000000000000111100000000000010111000000000001000110000000000100001000000000110000110000000010000001000000001000000100000000110000010000000001100111000000000011100000000000000000000000
