0000000000000000001111111110000000000000011000000000000001000000000000001000000000000111111110000001110110000000000000010000000000000001000000000000001000000000000001000000000000000100000000000001100000000000000100000000000000000000000000000000000000000000
0000000000000000000011111000000000011000111000000000000000100000000000000110000000000000010000000000000011000000000111111111100000000000100000000000000100000000000000010000000000000010000000000000011000000000000001000000000000001000000000000001000000000000
0000000000000000000111111111110000110000000011000000000000011000000000000001000000000000001000000000111101000000000000001111100000000001000000000000001100000000000001000000000000001100000000000001000000000000001100000000000000100000000000000000000000000000
0000000000000000000000000000110000111111111110000000000000011000000000000001000000000000001000000001111111000000000000001111110000000011000000000000001000000000000001000000000000001000000000000001100000000000000100000000000000000000000000000000000000000000
0000000000000000011111111111100000000000000110000000000000110000000000000010000000000000010000000011111111111100000000001000000000000001100000000000000100000000000001100000000000000100000000000000100000000000000100000000000000100000000000000000000000000000
0000000000000000001111111111100000000000000100000000000000100000000000000010000000111111110000000000000011111100000000001000000000000001000000000000001000000000000001000000000000001000000000000001100000000000000100000000000000000000000000000000000000000000
0000000000000000000111111111110000000000000011000000000000011000000000000011000000001111111111000000000011000000000000011000000000000011000000000000011000000000000011000000000000011000000000000011000000000000001000000000000000000000000000000000000000000000
0000000000000000000111111111100000000000000110000000000000010000000000000010000000000000011000000001111111111110000000011000000000000011000000000000001000000000000011000000000000011000000000000011000000000000001000000000000000000000000000000000000000000000
0000000000000000000011111111110000000000000011000000000000011000000000000011000000011111111111100000000010000000000000110000000000000110000000000000110000000000000010000000000000010000000000000010000000000000000000000000000000000000000000000000000000000000
0000000000000000000011111111110000000000000110000000000000010000000000000010000000011111111111000000000010000000000000011000000000000011000000000000010000000000000110000000000000110000000000000000000000000000000000000000000000000000000000000000000000000000
0000000000000000000011111111110000000000000110000000000000100000000000000110000000111111110110000000000110000000000000100000000000000100000000000000100000000000001100000000000000000000000000000000000000000000000000000000000000000000000000000000000000000000
0000000000000000000111111111100000000000000100000000000000100000000000000010000000000000010000000000000011000000001111111111100000000001000000000000001100000000000001100000000000000100000000000000110000000000000010000000000000000000000000000000000000000000
0000000000000000001111111111000000000000001100000000000000100000000000000010000000000000010000000011111111111110000000001000000000000001000000000000001000000000000001100000000000000100000000000000100000000000000010000000000000000000000000000000000000000000
0000000000000000000111111111100000000000000010000000000000001000000000000011000000011111111111000000000001000000000000001000000000000001000000000000001000000000000001000000000000001000000000000001000000000000000000000000000000000000000000000000000000000000
0000000000000000011111111111100000000000000110000000000000110000000000000110000000000000010000000001111111111000000000001000000000000001000000000000000100000000000000100000000000000010000000000000010000000000000011000000000000001000000000000000000000000000
0000000000000000000111111111100000000000000010000000000000010000000000000001000000000000001000000000111111111000000000001100000000000001100000000000001100000000000000100000000000000110000000000000110000000000000010000000000000000000000000000000000000000000
0000000000000000001111111111100000000000000010000000000000010000000000000010000000000000011000000001111111111000000000001000000000000001100000000000000100000000000000110000000000000110000000000000010000000000000011000000000000000000000000000000000000000000
0000000000000000001111111111100000000000000110000000000000110000000000000010000000000000011000000011100011011110000011111111000000000001000000000000001100000000000000100000000000000100000000000000110000000000000010000000000000011000000000000000000000000000
0001111111110000000000100001000000000000001000000000000000100000000000000100000000000000110000000011111111111000000000011000000000000001000000000000001100000000000000100000000000000110000000000000010000000000000010000000000000011000000000000001000000000000
0001111111110000000100000001000000000000001000000000000001100000000000000100000000111111111110000000000110000000000000010000000000000010000000000000010000000000000011000000000000001000000000000000100000000000000100000000000000010000000000000000000000000000
0001111111111100000111111111110000000000000110000000000000111000000000000011000000111111111111100111111111111110000000011100000000000011110000000000011110000000000001111000000000001111000000000001111000000000001110000000000001110000000000000110000000000000
0000000000000000000111111111100000000000000110000000000000010000000000000010000000000000011000000011111111111110000000001000000000000001000000000000001100000000000000100000000000000110000000000000010000000000000011000000000000011000000000000001000000000000
0001111111111000000111111111100000000000000110000000000000110000000000000110000000111111111111100011111111111110000000011000000000000011000000000000011000000000000011000000000000011000000000000011000000000000011100000000000011000000000000000000000000000000
0000000000000000001111111111100000000000000100000000000000110000000000000010000000000000010000000001111111111000000000001000000000000001000000000000001000000000000000100000000000000100000000000000100000000000000110000000000000000000000000000000000000000000
0000000000000000000111111111100000000000000100000000000000100000000000000011100000011111110010000000000010000000000000010000000000000001000000000000001000000000000001000000000000001000000000000000100000000000000100000000000000100000000000000000000000000000
0000000000000000011111111111100000000000000110000000000000100000000000000100000000111111111111000001000010000100000000010000000000000010000000000000011000000000000011000000000000001000000000000001000000000000001000000000000000000000000000000000000000000000
