0000011111000000000011000100000000011000010000000001000010000000000110001000000000001111100000000000000010000000000000001000000000000001000000000000000100000000000000100000000000000010000000000000000000000000000000000000000000000000000000000000000000000000
0000011110000000000010001100000000011000010000000001000001000000000100000100000000001111100000000000000010000000000000010000000000000001000000000000001100000000000000100000000000000010000000000000011000000000000001000000000000000000000000000000000000000000
0000001100000000000001111000000000001000010000000001000001000000001100000100000000011000100000000000111110000000000000001000000000000000100000000000000010000000000000001000000000000001000000000000001100000000000000100000000000000000000000000000000000000000
0000000111000000000001100110000000001100001000000001100000100000000100000010000000010000001000000001100011100000000011111100000000000000010000000000000001000000000000001000000000000000100000000000000110000000000000010000000000000110000000000000000000000000
0000000000000000000000111100000000000110011000000000110000100000000110000010000000010000001000000001000001000000000110000100000000001111110000000000000010000000000000001000000000000000100000000000000100000000000000110000000000000110000000000000000000000000
0000000000000000000000011000000000000011010000000000011000100000000011000010000000001000011000000000100001000000000001111100000000000000110000000000000010000000000000011000000000000001000000000000001100000000000001100000000000001100000000000000000000000000
0000000000000000000001111110000000001100001000000001100000100000000100000010000000010000001000000001000001000000000100000100000000011100010000000000001110000000000000001000000000000001000000000000011000000000000001000000000000000000000000000000000000000000
0000000000000000000000111100000000001100010000000000100000100000000100000010000000010000001000000001000000100000000010000010000000000111111000000000000001100000000000001100000000000000100000000000000110000000000000110000000000000110000000000000000000000000
0000000000000000000000000000000000000011110000000000001001100000000001000010000000001100001000000000100000100000000010000010000000001111111000000000000001000000000000000100000000000000100000000000000100000000000001100000000000001100000000000000000000000000
0000000000000000000000011000000000000110111000000000010000100000000010000010000000010000001000000001000000100000000100000010000000001100001000000000001111100000000000000100000000000000110000000000001100000000000001100000000000001000000000000000000000000000
0000000000000000000000000000000000000001111000000000011000010000000001000001000000000100000100000000010000010000000001100001000000000011111100000000000001100000000000000100000000000001100000000000000100000000000001100000000000001100000000000000000000000000
0000000000000000000000000000000000000001111100000000001100010000000001100001000000000100000100000000010000010000000001000001000000000111111100000000000000100000000000000110000000000000110000000000000110000000000000110000000000000110000000000000000000000000
0000000000000000000001111000000000001000011000000001000000100000000100000010000000100000001100000001000011010000000111111011000000000000001000000000000000100000000000000110000000000000010000000000000010000000000000010000000000001110000000000000000000000000
0000000000000000000000011100000000000011001100000000010000010000000001000011000000000110111100000000000110110000000000000010000000000000011000000000000001000000000000001100000000000000100000000000000110000000000000010000000000000010000000000000000000000000
0000011111000000000011000110000000001000001000000000100000100000000011000010000000000110001000000000000111100000000000000010000000000000011000000000000001000000000000001100000000000000100000000000000100000000000000100000000000000000000000000000000000000000
0000000000000000000001111000000000001100110000000001100001000000000100000100000000011000010000000000110011000000000001111000000000000000100000000000000010000000000000011000000000000001000000000000001100000000000000100000000000000100000000000000000000000000
0000001110000000000011001110000000010000001000000001000000100000000100000110000000011000111000000000011110100000000000000100000000000000010000000000000001000000000000001000000000000001100000000000001100000000000001100000000000001100000000000000000000000000
0000111000000000000110111000000000110000110000000010000001000000001000001100000000110001110000000001111110000000000000011000000000000001000000000000000100000000000000100000000000000110000000000000110000000000000010000000000000000000000000000000000000000000
0000011100000000000111001100000000010000010000000010000001100000001000000110000000100000111000000001001101000000000111100100000000000000110000000000000010000000000000011000000000000011000000000000001000000000000001000000000000001100000000000000000000000000
0000011100000000000011011100000000010000010000000011000001000000001000000100000000110000110000000001000111000000000011110100000000000000010000000000000010000000000000001000000000000001100000000000001100000000000000100000000000001100000000000000000000000000
0000000000000000000011111000000000010000110000000011000001000000001000000110000001100000010000000110000011000000001110011100000000001111010000000000000011000000000000011000000000000011000000000000011000000000000011000000000000011000000000000000000000000000
0000011111000000000011000110000000011000001000000001000000100000000100000010000000010000111000000000111110100000000000000110000000000000010000000000000010000000000000011000000000000001000000000000011000000000000001000000000000011000000000000011000000000000
0000001111100000000011111111000000001100000100000000100000010000000011000011000000001110011100000000011111110000000000000110000000000000111000000000000111000000000000011000000000000011100000000000001110000000000001110000000000001110000000000001110000000000
0000011000000000000011011110000000011000001000000011000000110000001000000010000000100000011000000011000110100000000111110010000000000000010000000000000001000000000000001000000000000001100000000000001100000000000001000000000000011000000000000000000000000000
0000001111000000000011100010000000001000001000000000100000100000000010000010000000001100111000000000011101000000000000000100000000000000010000000000000001000000000000001000000000000000100000000000000100000000000000100000000000000100000000000000000000000000
0000111111100000000100000011000000010000000100000001000000010000000110000001000000001110001000000000001111100000000000000010000000000000010000000000000011000000000000001000000000000001000000000000001100000000000001100000000000000100000000000000000000000000
